cam0=[1729.05 0 -364.24; 0 1729.05 552.22; 0 0 1]
cam1=[1729.05 0 -364.24; 0 1729.05 552.22; 0 0 1]
doffs=0
baseline=537.75
width=1920
height=1080
ndisp=180
vmin=25
vmax=150

=======
Fundamental Matrix
[[-0.     0.    -0.02 ]
 [-0.    -0.     0.131]
 [ 0.02  -0.135  0.982]]
=======
Essential Matrix
[[-2.48760126e-15  1.68137714e-14 -3.45810000e+01]
 [ 7.25297399e-16 -8.07032867e-15  2.26505550e+02]
 [ 3.45810000e+01 -2.33421750e+02 -1.22688000e+00]]
=======
camera rotation
[[ 9.99990139e-01 -4.42299273e-03 -3.98116393e-04]
 [ 4.42401619e-03  9.99986814e-01  2.60766238e-03]
 [ 3.86577472e-04 -2.60939793e-03  9.99996521e-01]]
=======
camera translation
[9.88545524e-01 1.50922981e-01 1.11022302e-16]
