cam0=[1758.23 0 977.42; 0 1758.23 552.15; 0 0 1]
cam1=[1758.23 0 977.42; 0 1758.23 552.15; 0 0 1]
doffs=0
baseline=88.39
width=1920
height=1080
ndisp=220
vmin=55
vmax=195

=======
Fundamental Matrix
[[-3.32697234e-19 -4.02404330e-19  8.17462078e-16]
 [ 1.94590077e-18 -2.16978964e-18 -7.07106781e-01]
 [-6.92411883e-16  7.07106781e-01  1.80938372e-14]]
=======
Essential Matrix
[[-4.47252018e-27 -1.21979781e-12  9.04097349e-13]
 [ 6.01550459e-12 -6.93104359e-12 -1.24325636e+03]
 [ 9.99242523e-14  1.24325636e+03 -2.52357686e-13]]
=======
camera rotation
[[-1.00000000e+00 -6.15465237e-16 -5.43346402e-15]
 [-5.85760807e-16  1.00000000e+00 -3.36133923e-15]
 [-5.44566023e-15  3.16136837e-15  1.00000000e+00]]
=======
camera translation
[-1.00000000e+00 -6.66133815e-16 -6.07153217e-16]
