cam0=[1742.11 0 804.90; 0 1742.11 541.22; 0 0 1]
cam1=[1742.11 0 804.90; 0 1742.11 541.22; 0 0 1]
doffs=0
baseline=221.76
width=1920
height=1080
ndisp=100
vmin=29
vmax=61

=======
Fundamental Matrix
[[ 0.     0.    -0.043]
 [-0.    -0.     0.164]
 [ 0.042 -0.171  0.97 ]]
=======
Essential Matrix
[[-2.93046878e-14  1.26891423e-13 -7.49107300e+01]
 [-5.43359518e-15 -9.22261687e-15  2.85706040e+02]
 [ 7.31686200e+01 -2.97900810e+02 -3.62344000e+00]]
=======
camera rotation
[[-0.87888944 -0.47702309 -0.00152623]
 [-0.47702337  0.87887133  0.00582095]
 [ 0.00143537 -0.00584402  0.99998189]]
=======
camera translation
[9.67303349e-01 2.53622220e-01 4.44089210e-16]
